A1 = 100 * 30
A2 = 40 * 30
A3 = 100 * 40
P = 100

media = (A1 + A2 + A3) / P